0
0
5
4
0
3
2
1
4
1
2
6
3
2
2
2
3
0
0
4
7
4
4
1
6
5
0
5
6
2
7
6
6
6
7
4
4
0
7
8
0
1
6
1
0
5
2
6
7
2
2
6
3
4
0
4
3
4
4
5
2
5
4
1
6
2
3
6
6
2
7
0
0
0
13
4
0
11
2
1
12
1
2
14
3
2
10
2
3
8
0
4
15
4
4
9
6
5
8
5
6
10
7
6
14
6
7
12
4
0
15
8
0
9
6
1
8
5
2
14
7
2
10
6
3
12
0
4
11
4
4
13
2
5
12
1
6
10
3
6
14
2
7
8
0
8
5
4
8
3
2
9
4
1
10
6
3
10
2
2
11
0
0
12
7
4
12
1
6
13
0
5
14
2
7
14
6
6
15
4
4
8
7
8
8
1
6
9
0
5
10
6
7
10
2
6
11
4
0
12
3
4
12
5
2
13
4
1
14
2
3
14
6
2
15
0
0
8
13
4
8
11
2
9
12
1
10
14
3
10
10
2
11
8
0
12
15
4
12
9
6
13
8
5
14
10
7
14
14
6
15
12
4
8
15
8
8
9
6
9
8
5
10
14
7
10
10
6
11
12
0
12
11
4
12
13
2
13
12
1
14
10
3
14
14
2
15
8
8
0
5
12
0
3
10
1
4
9
2
6
11
2
2
10
3
0
8
4
7
12
4
1
14
5
0
13
6
2
15
6
6
14
7
4
12
0
7
16
0
1
14
1
0
13
2
6
15
2
2
14
3
4
8
4
3
12
4
5
10
5
4
9
6
2
11
6
6
10
7
0
8
0
13
12
0
11
10
1
12
9
2
14
11
2
10
10
3
8
8
4
15
12
4
9
14
5
8
13
6
10
15
6
14
14
7
12
12
0
15
16
0
9
14
1
8
13
2
14
15
2
10
14
3
12
8
4
11
12
4
13
10
5
12
9
6
10
11
6
14
10
7
8
8
8
5
12
8
3
10
9
4
9
10
6
11
10
2
10
11
0
8
12
7
12
12
1
14
13
0
13
14
2
15
14
6
14
15
4
12
8
7
16
8
1
14
9
0
13
10
6
15
10
2
14
11
4
8
12
3
12
12
5
10
13
4
9
14
2
11
14
6
10
15
0
8
8
13
12
8
11
10
9
12
9
10
14
11
10
10
10
11
8
8
12
15
12
12
9
14
13
8
13
14
10
15
14
14
14
15
12
12
8
15
16
8
9
14
9
8
13
10
14
15
10
10
14
11
12
8
12
11
12
12
13
10
13
12
9
14
10
11
14
14
10
15
8
